10827
37016
11000
14800
4204
2765
64175
16967
43903
62150
2924
46642
16612
13996
2309
27485
23457
9436
33045
45413
30242
55371
51837
58340
63391
45415
32685
36250
26572
30113
60414
23743
56715
31906
20059
28673
61754
39367
6105
13138
28352
54918
49808
63882
51007
16309
42877
15995
52288
59431
28837
27254
38640
18168
45635
38664
817
29646
39372
8826
51478
44794
61326
26484
50389
39811
17934
9603
16150
38318
48535
43280
12875
26104
18546
35649
24433
65194
41370
38661
6654
1547
57996
34337
45356
14344
49479
35267
16798
32078
23552
64591
5840
19102
10415
57288
64743
3649
10694
33771
29373
17248
11006
37602
24245
5950
12337
61836
8195
19453
53191
6980
50969
23354
16917
36531
13333
30983
2491
19484
28262
29151
15995
31705
61156
60474
26360
59267
53883
5270
5574
47150
6224
27067
1634
49647
39097
17040
36421
50998
19187
51022
57504
28550
35940
49647
55170
62166
21943
44266
57022
40947
56936
22662
56016
46734
61115
63030
52099
32676
45247
13019
48881
63198
60274
42162
59388
44936
17644
21614
17359
17954
4877
47804
52953
42691
55879
39009
29333
40535
27022
34726
23951
39907
26143
48649
40381
42397
33559
58750
36185
25988
54483
14594
54222
51567
2139
43356
33175
7305
28793
210
46813
15051
5698
3899
37931
44096
24248
26679
8733
7136
35866
15035
54193
59169
58584
6306
9719
65008
44273
65119
15067
10491
17984
43650
43667
9334
45563
64266
58172
2490
40670
63328
30652
57545
3336
53727
39226
9774
4146
12022
30844
49091
9083
37579
33304
36450
62700
60591
53233
12588
15184
51789
63535
64381
38001
1868
48178
50927
11531
37203
23764
35124
64674
39069
21307
10321
11949
51766
25221
20813
15792
51063
56628
23478
46349
17963
15698
61883
16638
12900
61097
6070
64036
59072
15013
47168
55602
30141
27745
25212
12332
61229
31963
59585
30478
11291
20982
58550
51896
41363
64075
21906
9131
62550
27505
64407
36863
62579
27313
19329
65072
31871
12656
50098
22045
42238
33062
42334
32806
19854
40609
3240
26882
11002
44038
46396
14572
6063
9380
25582
38716
7012
38775
37827
34317
35687
56719
11054
52460
22292
55927
20528
2912
24568
46770
64775
62859
64240
35226
28146
21311
967
38990
31017
38474
26522
58860
5879
3135
38817
32093
61202
13369
56965
394
27675
53043
16932
1450
17647
8827
8932
65275
26440
13667
40117
19398
58976
50738
17655
33621
54592
19517
63412
44965
32033
46839
16001
3761
1820
8441
30687
54758
46049
25585
20364
12677
65007
13279
39716
21283
18877
3825
6840
217
64820
8250
34618
22963
19247
40
22712
48767
41686
43816
41169
18382
23394
52810
39622
26033
56843
47292
20016
8956
38719
30787
64546
45009
24652
23607
29831
58668
49577
54995
53996
12312
28196
21843
13146
65275
5806
40366
26865
22653
18346
53700
40384
39401
22958
48367
34100
38186
47810
14221
46435
62617
28860
29958
5970
12077
54171
4544
46958
43604
9655
55418
42496
21077
2555
63164
57325
54885
29666
51208
14925
25953
48192
25617
9277
51988
7932
44819
24927
57059
17211
6548
2435
33603
12050
26468
34521
58515
27715
29268
43113
3340
21149
46254
23074
19950
45347
38755
9088
60106
5787
47450
10547
5707
6089
11713
21001
53111
23220
40834
7093
58841
15823
19923
9482
10839
26026
29233
380
7208
46666
10268
22762
44342
33931
52292
63425
45611
35452
47179
23045
22489
11641
37759
32921
23772
24650
19639
57060
39505
13561
28605
51341
38122
33689
30174
40721
53068
49946
3910
48727
35616
53753
9872
47545
42669
23525
37553
20771
40039
21045
27339
54152
6120
31979
44006
41429
35736
5047
8315
44921
6906
2021
5401
13373
41595
52182
35481
2691
46597
61611
1502
13616
57004
35195
27753
52834
58574
27402
13742
47859
31293
49586
38851
17376
32439
9012
52330
32115
29525
59931
32439
51538
34550
57804
23250
58412
12581
53321
26098
46670
16917
23257
38380
28618
2018
57217
19104
33195
770
52502
6597
30166
10414
36972
27609
62302
57663
34153
59693
56576
32166
20663
44211
10189
28922
20608
47405
2273
3423
19100
45462
28310
9486
25301
22645
27702
50344
38628
45162
39684
14924
17826
44024
18682
61521
36311
26803
12423
60029
58744
52081
64996
17470
7716
40395
61960
11509
62866
49549
57621
2086
19138
47793
48873
31174
30984
21743
4130
58783
13127
64553
21751
56270
27014
2131
52651
56949
21566
39727
33468
7476
8486
12658
64812
9572
65398
63211
37336
286
25492
40844
3530
61096
26201
43683
13674
19621
41109
52117
11570
53513
62136
53616
5280
55380
20637
62854
60386
64337
5290
30369
7666
705
6675
58179
37988
21843
7774
22280
11194
41980
50265
12057
22359
40687
16652
42174
9997
4332
56280
13510
5708
49848
16467
29689
49688
54497
20615
46468
2009
56620
64449
54534
5989
34527
18106
15524
42850
60588
32844
25758
63426
34670
51261
10128
25469
47499
60917
18687
29889
33538
493
62809
17900
18676
8164
10140
16877
19510
16487
11032
24732
6281
44970
40007
56132
114
60534
43996
8989
29660
40592
8227
64402
28858
24158
56276
56440
28729
43521
7109
53668
30652
32047
18429
38263
32361
4743
5453
36751
15709
50602
54404
8094
3404
26350
34923
25450
26450
33409
42391
44411
27524
46972
64392
42310
56721
46566
3945
35092
61841
28494
21135
2616
6312
29368
56209
34188
33037
62541
13591
63685
59187
10695
6933
39238
37098
6235
39638
44812
14099
48633
36284
42535
20970
22664
13997
51052
46622
2121
24717
54714
61870
57743
34228
52369
3412
53992
42620
5972
42507
21213
48401
64031
4338
14592
30656
16004
62861
17378
44672
64362
32468
50912
5451
63584
42332
41330
223
30195
52236
44169
51028
20100
53208
4976
50973
29066
4510
53987
28427
46808
60079
48405
38235
15462
24506
43557
60608
48995
60998
54400
45363
15750
40450
5661
36145
15820
25501
49248
57171
17435
42645
62324
43458
35411
55597
42228
40448
18165
30967
20246
35012
46673
8784
35757
20763
13073
14621
36693
21543
56985
53293
39705
446
23759
11814
31873
44585
45642
34383
9987
55450
25452
7045
19692
1251
1753
10318
47836
26520
56014
7859
38581
18122
55928
24885
41688
11375
56244
45737
20420
897
30238
45203
57953
29495
44761
39344
53958
21904
30917
64605
63675
58658
9124
13643
13860
10982
30131
41478
20227
